version https://git-lfs.github.com/spec/v1
oid sha256:e0a696278e781aabf9b35d7cb2c838a8c86dab88245289475ad728238127cb57
size 14592
